base:
  length: 0.4
  width: 0.4 
  height: 0.5
  mass: 15.0 
sensors:
  front_lidar:
    x: 0.20    
    y: 0.20    
    z: -0.05    
    roll: 3.14159  
    pitch: 0.0 
    yaw: 0.0   
  rear_lidar:
    x: -0.20 
    y: -0.20 
    z: -0.05
    roll: 3.14159
    pitch: 0.0
    yaw: 3.1415926
wheels:
  radius: 0.05
  width: 0.03 
  offsets:
    longitudinal: 0.15
    lateral: 0.15     